point:1  x:4.53919935226  y:4.23514127731  a:1.0
point:2  x:4.93041563034  y:9.25262832642  a:1.0
point:3  x:-5.04484128952  y:9.6336107254  a:1.0
point:4  x:-4.48894882202  y:4.89942359924  a:1.0
